centerX=-1.401155
centerY=0.0
scale=2.2
maxIterations=8192
zoomFactorPerSecond=0.9
minScale=0.0000001
panSpeed=0.75
